%YAML:1.0

image_width: 960
image_height: 720
camera_matrix: !!opencv-matrix
   rows: 3
   cols: 3
   dt: d
   data: [623.0081852737795, 0, 336.2491604190441, 0, 620.5106494053404, 223.7668869095783, 0, 0, 1]
distortion_coefficients: !!opencv-matrix
   rows: 1
   cols: 5
   dt: d
   data: [0.03043773798389282, -0.449122950844299, -0.0001903539983917012, 0.007838008418630905, 1.069518757937706]