%YAML:1.0

image_width: 960
image_height: 720
camera_matrix: !!opencv-matrix
   rows: 3
   cols: 3
   dt: d
   data: [532.12784288, 0, 326.19363216, 0, 532.94686568, 258.5265141,0,0,1,]
distortion_coefficients: !!opencv-matrix
   rows: 1
   cols: 5
   dt: d
   data: [0.0684392, -0.07938453, 0.00147576, 0.00258453, 0.03431947]