%YAML:1.0

image_width: 1280
image_height: 720
camera_matrix: !!opencv-matrix
   rows: 3
   cols: 3
   dt: d
   data: [1569.356378345893, 0, 509.9089165153711, 0, 1630.547483739572, 565.1937352752145, 0, 0, 1]
distortion_coefficients: !!opencv-matrix
   rows: 1
   cols: 5
   dt: d
   data: [0.3259409630937348, 1.442475590270754, 0.09687602045944839, -0.04434140219972575, -4.060560181774271]