%YAML:1.0
---
camera_matrix: !!opencv-matrix
   rows: 3
   cols: 3
   dt: d
   data: [ 9.2520372139831647e+02, 0., 4.8065680860889483e+02, 0.,
       9.2661914607318579e+02, 3.8562377189205466e+02, 0., 0., 1. ]
distortion_coefficients: !!opencv-matrix
   rows: 1
   cols: 5
   dt: d
   data: [ 2.0582919779324180e-02, -1.9734592581361551e-01,
       1.4047591983674876e-03, -1.3787557587731992e-03,
       5.3605591834787913e-01 ]
