%YAML:1.0
---
camera_matrix: !!opencv-matrix
   rows: 3
   cols: 3
   dt: d
   data: [ 9.3581369676101576e+02, 0., 4.8923076613689551e+02, 0.,
       9.2664536189635669e+02, 3.9290874300409786e+02, 0., 0., 1. ]
distortion_coefficients: !!opencv-matrix
   rows: 1
   cols: 5
   dt: d
   data: [ 4.6173050912383246e-02, -3.5599021863651492e-01,
       3.9786928486281354e-04, -3.0019709308485650e-03,
       8.6017493591413674e-01 ]
