%YAML:1.0
---
camera_matrix: !!opencv-matrix
   rows: 3
   cols: 3
   dt: d
   data: [ 9.3475485657464435e+02, 0., 4.7542347553749318e+02, 0.,
       9.3539352947266082e+02, 3.8495054729621484e+02, 0., 0., 1. ]
distortion_coefficients: !!opencv-matrix
   rows: 1
   cols: 5
   dt: d
   data: [ 2.3960700344721041e-02, -1.2044322603821442e-01,
       5.6615123441443836e-03, -3.2620393860773385e-03,
       3.5395843898526330e-01 ]
