%YAML:1.0
---
camera_matrix: !!opencv-matrix
   rows: 3
   cols: 3
   dt: d
   data: [ 9.3132188924032835e+02, 0., 4.8912715440040370e+02, 0.,
       9.3117110519366736e+02, 3.7338574090459792e+02, 0., 0., 1. ]
distortion_coefficients: !!opencv-matrix
   rows: 1
   cols: 5
   dt: d
   data: [ -1.9646113026304486e-02, 1.7485280575401463e-01,
       -8.5124418822670215e-04, 2.6868590224850373e-04,
       -2.4042403457955200e-01 ]
