%YAML:1.0
---
camera_matrix: !!opencv-matrix
   rows: 3
   cols: 3
   dt: d
   data: [ 9.3285521727411060e+02, 0., 4.9023610648640039e+02, 0.,
       9.3441373578042908e+02, 3.6465108246209024e+02, 0., 0., 1. ]
distortion_coefficients: !!opencv-matrix
   rows: 1
   cols: 5
   dt: d
   data: [ -1.8083000632169759e-02, 3.1245339353226959e-02,
       2.1322194820953687e-03, 2.4337688911785713e-03,
       2.0665364371114406e-01 ]