%YAML:1.0
---
image_width: 960
image_height: 720
camera_matrix: !!opencv-matrix
   rows: 3
   cols: 3
   dt: d
   data: [ 9.2994470654240570e+02, 0., 5.0100726514684754e+02, 0.,
       9.2723671057688659e+02, 3.8210293211847676e+02, 0., 0., 1. ]
distortion_coefficients: !!opencv-matrix
   rows: 1
   cols: 5
   dt: d
   data: [ 1.0241659763651026e-02, -2.6023105998573520e-01,
       2.7829470795216970e-03, 8.9838333283051765e-03,
       7.4257606927641617e-01 ]
